283 2
954 1
850 2
748 0
229 1
285 2
714 1
394 1
414 2
132 1
199 0
792 2
916 2
876 1
910 2
659 2
4 1
652 2
684 2
511 1
31 2
612 0
667 0
192 2
124 1
213 1
161 1
267 0
214 2
265 2
941 1
275 1
960 0
632 0
714 1
191 2
56 2
808 2
955 1
58 2
903 0
881 1
358 0
661 0
577 1
417 0
379 1
5 2
968 2
647 2
555 2
705 2
39 2
844 0
785 1
620 0
532 2
369 2
710 1
459 1
397 2
58 2
613 0
944 0
580 0
418 0
84 2
767 1
969 0
34 1
25 1
407 0
436 1
925 2
63 1
338 1
123 1
921 1
445 0
178 1
453 2
981 2
112 2
188 0
292 1
450 2
498 0
837 2
855 0
423 2
227 2
304 0
954 0
451 0
777 2
412 1
213 1
678 0
149 0
360 1
505 0
19 1
950 1
631 1
140 0
692 2
341 1
904 0
280 2
649 0
601 2
854 2
846 0
692 0
281 1
64 1
926 2
493 0
622 0
594 1
731 2
594 2
3 1
865 1
51 0
501 2
786 0
969 0
697 0
668 1
766 1
163 0
156 0
450 0
259 1
470 2
312 0
841 1
781 2
566 1
927 1
495 1
770 2
397 2
488 2
825 2
356 2
445 1
494 2
143 2
377 1
677 0
464 1
261 0
490 1
854 0
459 1
141 0
878 1
371 0
477 0
619 1
616 1
298 1
410 1
997 1
745 1
756 2
651 2
530 1
56 1
765 1
302 0
610 0
47 1
948 2
965 1
419 2
838 1
60 2
455 1
715 0
642 1
740 2
276 0
430 2
620 0
401 0
683 1
863 2
144 0
200 0
715 2
678 2
545 1
325 1
819 1
106 0
846 1
301 0
939 0
112 0
122 1
933 0
559 2
860 2
489 2
121 0
367 2
706 0
287 0
372 1
139 0
654 0
687 0
561 2
754 2
840 2
826 0
579 2
928 0
941 0
106 2
2 1
634 2
381 1
416 1
365 1
85 1
579 0
943 2
434 1
547 1
559 1
711 2
406 1
505 0
272 2
228 1
93 2
913 2
357 0
959 1
9 2
186 1
772 1
454 1
923 1
837 2
696 0
778 1
977 2
174 2
430 1
94 2
741 2
444 1
905 1
462 0
347 0
459 0
148 2
226 1
926 2
643 1
765 1
347 2
775 2
666 1
963 2
559 0
970 0
726 1
856 0
763 1
206 1
693 0
770 2
556 2
92 2
536 2
868 1
830 2
291 1
342 2
956 2
731 2
256 2
3 2
85 0
427 1
459 2
959 1
552 0
239 0
360 0
290 2
461 0
952 1
649 2
161 2
529 1
271 0
530 1
690 2
239 1
630 0
425 2
372 2
759 0
64 1
651 2
361 0
764 1
982 1
515 0
681 2
904 1
598 0
210 0
622 0
155 2
772 2
817 2
3 2
309 2
629 0
959 2
234 2
3 0
622 2
500 1
889 0
53 0
713 2
996 1
480 0
690 1
571 0
464 0
665 1
436 1
485 0
410 2
75 2
48 2
190 1
331 2
657 0
586 1
831 1
662 2
903 2
539 2
707 2
186 0
51 2
289 0
452 0
861 2
619 1
957 2
486 0
377 1
629 0
603 1
940 2
176 2
623 2
567 2
147 2
988 1
599 2
484 2
434 1
133 2
41 0
167 2
199 1
466 0
917 2
277 1
668 2
13 0
955 2
218 1
172 2
957 1
214 0
643 0
824 0
472 0
289 2
535 2
419 2
930 0
574 0
515 0
688 2
634 1
921 0
754 0
993 1
128 2
725 1
704 2
30 2
839 0
66 2
486 0
603 2
930 1
70 0
216 1
974 1
256 0
724 2
984 1
820 1
599 1
883 1
950 2
268 2
703 0
892 1
573 0
159 0
919 2
692 1
802 2
711 0
434 2
341 0
370 2
881 0
342 1
519 2
653 1
547 1
513 2
449 1
641 0
482 0
22 0
46 1
125 2
5 0
776 0
494 2
42 0
77 1
338 2
282 2
594 2
525 1
843 2
43 0
800 2
256 2
509 2
175 0
865 1
527 0
391 1
728 0
115 1
839 1
999 0
699 1
694 1
845 0
68 1
958 2
410 2
907 0
52 1
658 2
756 1
113 1
732 1
169 0
130 2
304 2
207 0
162 1
692 1
230 2
918 1
630 2
692 2
664 0
179 0
755 1
541 2
310 1
58 0
840 2
976 2
986 0
350 1
883 0
711 1
773 2
898 0
527 2
60 1
221 1
976 0
554 0
724 0
838 1
941 2
957 1
473 0
368 0
934 1
782 1
277 2
798 2
88 0
529 0
486 0
974 1
36 1
925 0
112 0
815 2
261 1
291 2
712 1
752 2
916 0
246 1
338 1
888 0
474 0
198 1
263 0
34 0
933 2
758 2
560 2
836 1
305 0
693 1
875 0
287 0
655 1
225 0
51 1
308 2
968 1
796 0
287 2
24 0
778 1
589 1
944 2
971 2
188 2
844 2
687 1
625 1
205 1
439 0
738 2
445 2
917 0
803 1
824 0
473 2
941 0
350 1
809 0
411 0
758 1
981 2
61 0
589 0
546 1
266 2
858 0
938 0
281 1
450 0
900 2
464 2
507 0
557 2
742 0
483 2
844 1
400 2
921 0
253 0
72 0
594 0
557 0
609 2
268 1
340 1
863 0
705 2
158 1
919 1
168 0
252 0
349 2
830 1
444 1
802 2
764 2
885 0
656 1
226 0
635 0
975 0
741 1
325 0
148 0
644 1
105 1
86 2
132 0
802 0
727 2
295 2
165 1
116 2
269 1
157 2
125 1
428 2
458 2
815 1
269 0
871 1
286 0
940 2
110 1
268 1
556 1
990 2
123 0
200 0
15 1
626 2
484 0
910 2
295 2
309 2
319 0
936 1
145 0
791 2
741 1
564 1
678 1
410 1
181 0
559 2
220 0
985 1
403 1
546 1
252 2
645 1
296 1
214 0
633 2
36 2
927 2
811 0
35 1
254 0
677 0
755 2
136 0
409 0
125 0
319 2
495 2
498 1
962 2
747 2
685 2
832 1
771 0
77 1
914 0
84 1
120 0
944 0
418 0
393 2
384 0
523 1
353 1
561 0
310 2
942 2
233 0
34 1
919 2
96 0
149 2
868 2
17 0
449 2
868 2
278 0
883 2
968 2
104 0
953 1
118 1
778 0
53 1
143 2
253 2
167 2
845 0
763 2
498 1
308 0
6 2
96 1
210 0
15 2
62 2
81 0
661 2
87 0
290 2
646 1
92 1
154 0
94 1
458 0
732 1
990 0
156 2
795 1
394 1
806 2
198 0
860 1
2 2
904 2
343 0
417 2
914 2
1 0
386 2
290 2
309 2
257 2
248 0
160 1
359 0
138 2
282 1
622 2
893 1
36 2
434 1
401 0
383 2
145 2
756 0
644 2
949 0
794 2
582 0
116 0
976 0
703 2
335 0
422 0
225 1
155 0
346 0
729 0
123 2
122 1
342 1
611 0
740 1
50 2
49 1
836 2
742 0
881 2
746 2
31 1
26 1
841 0
984 1
701 2
378 2
667 0
742 2
414 2
741 2
859 1
153 1
611 2
568 1
67 0
102 0
309 0
276 2
95 2
372 1
225 1
669 1
771 1
278 0
89 2
539 0
231 1
484 1
691 1
708 0
81 2
185 2
482 2
328 2
752 2
911 0
899 0
763 0
677 2
33 0
533 1
991 2
697 1
582 2
827 0
539 1
251 0
899 2
518 0
22 1
659 0
32 2
9 1
440 2
363 1
797 1
780 0
457 0
117 0
181 1
22 1
35 0
392 0
601 0
796 1
364 1
745 0
785 2
963 1
588 2
478 0
431 1
141 1
322 0
901 1
993 2
745 2
887 2
161 1
687 0
682 2
396 2
540 2
997 0
819 0
527 1
135 2
534 1
266 2
610 2
768 1
124 1
578 2
849 2
757 0
511 0
265 0
735 0
498 0
405 1
137 2
76 2
778 1
858 2
757 0
484 2
354 0
759 1
589 2
370 2
422 2
55 0
245 1
340 2
673 1
485 1
339 1
36 1
955 0
852 2
458 2
96 0
628 1
218 0
732 0
895 1
647 2
576 1
908 1
735 2
310 1
16 0
909 2
826 1
605 1
624 2
898 2
472 0
905 0
515 2
450 0
419 0
933 0
924 2
785 0
976 2
393 0
610 0
433 0
263 1
668 2
255 0
675 0
539 2
592 2
205 1
543 1
885 1
548 1
566 0
499 1
123 0
23 1
733 2
523 2
45 2
309 2
671 0
779 0
633 2
771 2
867 1
539 0
872 0
700 0
249 0
616 1
727 0
137 1
377 1
913 0
651 2
395 2
71 0
848 2
782 0
940 1
164 0
124 2
112 0
171 0
469 2
79 0
169 1
948 0
370 0
989 1
766 1
911 0
496 1
173 0
525 1
153 2
907 2
803 1
663 1
184 0
998 1
792 2
483 0
11 1
645 0
887 0
735 2
25 2
577 1
944 1
345 1
601 2
701 0
64 2
598 1
385 1
694 0
402 2
91 0
942 1
436 2
231 2
844 2
683 2
778 0
254 1
904 1
120 0
210 2
138 2
610 2
506 1
929 0
578 0
519 1
624 1
451 0
693 0
941 2
415 2
895 0
137 2
626 0
104 1
49 0
834 0
860 1
172 1
765 2
546 1
264 2
313 1
439 1
898 0
938 0
981 1
748 0
435 2
894 1
857 2
673 1
691 2
808 2
227 0
593 2
429 2
269 0
883 0
426 1
155 0
122 2
168 1
574 2
676 1
368 2
240 1
874 0
431 2
786 2
594 2
578 0
314 0
826 2
521 0
654 1
749 1
602 1
323 0
582 0
840 1
480 1
7 1
707 1
776 2
482 0
479 2
757 1
348 1
531 0
12 1
390 2
385 2
815 0
379 2
636 1
100 0
931 2
796 2
10 0
872 0
979 2
606 2
568 0
692 1
38 1
656 1
87 0
787 2
441 2
555 0
200 0
638 2
414 1
845 2
258 1
724 2
962 0
200 0
362 0
379 1
215 1
519 2
514 2
159 1
199 1
879 1
927 1
894 2
235 1
807 2
319 2
773 0
239 2
409 2
54 0
242 0
701 2
182 2
24 2
719 1
485 0
53 1
854 2
852 2
10 2
821 1
545 1
804 1
214 0
38 0
373 1
189 0
247 0
991 2
890 2
987 2
272 2
977 2
778 0
768 2
791 0
295 0
358 2
286 0
732 0
309 1
74 2
248 0
929 0
297 1
997 2
36 0
466 0
19 1
782 2
245 1
637 0
288 0
96 0
553 1
15 1
902 2
609 2
925 1
456 1
159 1
786 0
740 1
107 2
623 1
268 1
103 0
722 1
545 2
793 1
803 1
215 2
220 0
669 2
227 1
725 0
80 1
189 0
729 1
859 1
989 0
127 1
584 1
718 0
720 1
274 1
391 0
722 0
699 2
555 1
151 2
353 1
108 2
481 1
944 0
436 2
61 2
303 1
5 2
467 1
198 1
778 0
95 1
253 1
876 1
393 2
151 2
929 2
165 0
454 0
789 0
639 2
60 1
489 0
501 2
946 2
600 2
386 0
520 2
367 2
646 0
715 0
177 0
923 2
676 1
828 0
182 2
269 1
666 2
965 0
117 0
120 1
983 2
787 2
756 1
825 2
940 1
426 2
458 0
204 2
693 2
466 0
50 1
623 0
255 2
366 1
260 1
663 0
304 1
35 0
664 1
136 0
322 1
105 0
917 0
197 2
188 0
646 2
267 0
647 1
202 0
690 0
586 0
162 1
784 0
829 1
617 2
645 1
464 0
853 2
351 0
545 2
171 0
71 0
492 2
172 1
173 0
672 0
338 1
417 0
32 1
944 1
858 1
214 0
177 0
341 1
447 0
810 0
399 0
323 1
712 0
316 2
404 0
434 1
685 0
581 1
169 2
899 2
530 1
433 1
435 2
602 1
102 0
268 0
819 0
26 0
733 1
287 2
883 0
479 1
677 1
116 0
951 2
191 2
897 2
307 0
147 1
258 1
488 2
979 2
788 1
729 2
883 0
50 1
946 2
662 1
431 2
770 2
297 1
518 0
367 2
384 1
296 2
83 2
219 2
769 1
101 1
247 2
935 0
140 2
830 1
234 2
647 2
587 2
191 0
296 0
327 0
469 2
376 1
529 0
586 1
704 0
583 0
822 0
869 0
52 1
59 0
599 0
710 1
780 2
331 2
461 1
632 1
646 1
400 2
42 2
591 0
167 0
490 2
976 0
536 0
482 1
616 2
800 2
259 0
962 2
267 2
130 0
975 1
322 2
353 2
448 1
404 0
38 2
74 2
263 1
840 2
169 0
311 2
828 0
860 2
640 1
151 1
163 0
762 0
927 0
743 2
778 1
471 1
433 1
580 0
731 1
870 2
151 2
166 0
738 0
776 0
650 2
636 2
214 1
238 0
948 2
614 1
332 1
281 2
984 0
616 2
773 2
255 2
960 1
539 1
665 1
31 2
616 0
741 0
856 0
695 0
761 1
328 0
608 2
963 1
679 1
554 0
992 1
722 1
29 2
4 2
191 1
935 1
717 1
622 1
648 0
875 2
46 1
176 0
628 2
925 1
861 0
222 2
935 2
772 1
620 1
286 0
657 0
528 0
451 1
261 2
508 2
713 0
743 0
50 1
424 0
445 1
915 1
31 2
315 1
976 0
199 1
845 1
126 1
435 1
209 2
636 1
774 0
690 1
404 1
588 2
611 0
715 1
525 1
350 0
639 2
613 0
655 0
700 0
786 1
28 2
683 1
700 0
4 2
387 0
518 2
810 2
208 2
353 2
170 1
535 2
384 2
821 0
52 2
435 2
910 2
401 2
495 2
124 0
641 2
897 2
549 2
849 2
34 1
103 0
761 2
985 0
228 0
688 1
104 0
633 0
403 1
384 2
732 2
882 1
989 1
218 1
313 0
120 1
719 1
709 1
25 2
211 1
935 2
164 1
549 0
949 0
196 2
986 0
693 2
667 2
237 0
927 0
0 2
849 0
324 0
348 1
253 2
360 0
835 1
933 1
520 2
156 0
90 1
547 2
952 1
506 2
162 2
849 0
46 0
333 0
968 0
902 2
453 2
618 2
826 0
329 2
350 1
512 2
192 1
132 1
468 2
562 1
912 2
880 0
742 2
862 2
29 1
394 1
442 1
923 0
268 0
138 2
558 2
979 0
850 2
472 0
569 0
586 0
177 0
868 0
871 0
475 1
809 2
803 1
296 0
359 2
312 0
571 1
55 2
760 2
819 2
640 2
966 0
564 2
894 0
749 2
645 0
989 1
228 0
88 0
522 2
642 2
513 1
612 1
321 0
523 0
604 1
878 2
309 2
75 2
298 2
59 2
494 2
556 1
300 1
85 0
282 2
744 2
724 2
253 1
432 1
57 2
486 2
661 2
746 1
450 0
251 1
222 1
22 0
540 0
340 0
622 2
308 2
705 1
797 2
888 2
720 2
191 1
192 0
460 2
900 2
49 0
475 2
74 2
810 0
691 0
608 0
748 1
798 1
858 2
173 1
665 1
380 1
558 1
795 0
175 2
97 0
349 2
277 1
591 0
858 2
340 1
265 1
659 2
892 1
647 0
25 1
14 2
632 0
60 1
999 2
726 0
544 2
31 0
185 0
527 2
461 2
404 1
702 2
665 0
909 0
938 2
90 2
581 0
84 0
852 1
241 1
116 1
396 0
145 2
357 1
822 0
546 2
436 2
378 1
857 0
531 0
350 1
639 2
563 0
47 1
526 1
124 2
746 1
598 2
715 0
21 1
567 0
651 0
273 0
920 2
713 1
731 0
626 0
644 0
1 1
756 1
129 0
603 0
925 2
606 0
645 0
58 1
486 0
548 2
676 1
543 2
183 2
218 2
496 2
632 2
348 1
621 1
770 0
136 1
81 1
911 0
869 2
282 2
379 0
503 1
352 2
741 0
965 2
731 2
642 2
39 1
59 0
200 0
724 1
588 2
677 1
100 2
69 1
686 2
837 1
439 2
771 2
382 2
790 1
951 2
279 0
716 2
662 0
489 1
350 0
852 2
72 1
253 1
737 2
777 0
264 2
580 2
685 2
333 2
728 0
707 0
848 1
946 2
160 1
33 0
861 2
187 1
304 0
827 2
246 1
530 1
324 2
790 0
535 1
62 2
302 0
384 0
117 0
298 0
465 0
453 0
331 1
963 0
600 2
588 0
249 1
636 2
572 1
989 2
514 1
118 1
728 2
417 0
492 2
56 0
819 1
298 2
670 0
162 0
913 1
293 1
626 2
269 0
506 0
18 2
584 1
214 1
250 2
96 2
838 2
14 2
603 2
857 1
852 2
232 2
416 1
347 2
181 2
173 0
660 1
507 1
585 0
455 0
545 1
228 1
990 2
753 2
9 1
688 2
777 2
453 0
201 1
984 0
364 0
768 0
889 2
817 2
322 1
692 1
950 1
470 0
321 0
604 1
404 1
995 0
831 1
939 2
908 1
942 2
390 2
636 1
882 2
480 0
127 1
407 0
435 0
812 0
223 0
367 0
161 2
525 1
245 2
866 2
356 1
461 1
549 1
465 0
981 1
564 1
785 2
959 0
533 1
731 0
243 0
499 2
720 1
354 1
731 0
839 2
583 0
839 0
273 0
447 2
599 1
929 0
504 0
81 2
727 1
419 2
252 0
506 0
165 0
461 1
695 0
577 2
624 0
344 0
760 0
196 2
968 2
703 1
595 0
950 1
932 1
552 0
959 0
399 1
171 1
428 2
333 1
248 1
76 1
811 2
156 0
194 0
26 1
97 0
801 2
430 0
530 1
211 1
602 2
570 2
116 2
914 0
155 1
244 1
69 1
315 1
714 2
705 2
648 1
221 1
86 1
45 1
494 2
565 2
961 0
827 0
302 1
65 1
713 1
571 1
246 0
210 1
696 2
255 0
41 2
59 1
175 1
702 0
380 0
981 1
309 2
286 1
479 1
648 0
432 2
296 2
931 2
546 1
892 2
256 2
988 2
374 2
989 0
422 1
122 1
317 1
836 2
493 1
133 2
921 2
82 0
379 1
688 1
302 0
94 0
920 1
358 2
620 0
241 2
756 2
740 0
188 1
104 2
607 1
139 0
659 1
109 0
7 0
65 2
319 2
333 1
155 2
399 1
303 2
685 2
578 2
520 1
334 1
588 2
489 1
866 2
760 1
822 2
923 0
371 1
991 0
90 0
150 1
165 1
638 1
735 0
754 2
652 0
241 1
326 0
355 2
294 0
650 2
114 0
216 0
521 0
576 2
868 2
930 1
313 0
975 2
84 2
126 2
417 1
716 2
197 0
610 0
253 1
925 2
67 2
943 2
498 2
967 0
765 1
348 0
103 2
113 0
775 0
935 0
546 2
186 0
152 1
623 0
5 2
57 1
183 2
806 1
272 0
274 1
62 2
634 0
621 2
413 2
537 2
581 0
497 2
28 0
529 1
378 2
570 2
207 1
301 1
505 1
826 2
303 0
58 1
214 2
242 1
823 2
337 2
840 1
605 0
10 1
324 1
752 0
168 1
436 0
304 2
794 1
823 1
166 1
154 0
619 2
953 0
291 0
423 2
585 0
936 1
249 2
981 2
306 0
244 0
44 2
744 0
383 1
607 0
61 0
146 2
257 2
208 1
917 0
290 2
374 1
694 0
57 2
771 2
492 2
665 2
522 0
765 2
318 0
930 1
98 2
630 2
839 2
65 0
98 0
712 2
359 1
800 0
67 0
779 0
574 0
29 1
588 1
980 1
162 2
126 2
360 2
567 2
440 1
581 2
88 0
812 2
863 0
599 0
79 0
441 2
802 2
402 0
335 1
841 0
555 2
157 0
354 2
256 2
857 1
546 0
267 1
759 0
47 1
634 1
492 2
577 1
241 0
524 1
508 0
528 1
239 0
917 1
159 1
938 0
334 2
822 1
972 2
999 1
463 2
156 2
186 0
193 1
767 1
793 1
382 0
92 0
303 0
456 2
155 1
99 2
47 2
518 1
445 2
666 1
26 0
539 2
956 0
282 2
309 1
56 0
184 0
967 1
552 1
43 0
105 1
81 2
709 0
65 1
867 2
304 0
878 1
819 0
167 0
662 2
676 2
209 2
126 1
982 1
129 2
328 1
240 0
851 1
82 0
414 1
86 1
742 2
822 1
502 1
26 2
61 2
607 0
799 2
497 2
869 1
389 1
579 2
793 1
567 1
607 0
485 1
108 0
730 0
572 1
618 1
105 2
584 1
68 2
421 0
510 2
956 1
822 1
967 2
209 0
116 1
809 2
978 0
126 0
735 0
351 1
758 0
94 2
379 2
187 0
689 1
274 2
531 0
377 2
453 0
101 0
105 0
703 2
666 2
841 0
902 1
725 0
159 0
401 0
888 0
45 0
265 0
790 2
857 1
281 0
612 0
790 1
496 0
186 1
241 1
506 0
453 0
83 2
404 0
214 0
719 1
342 0
161 1
203 0
803 0
775 1
860 2
748 0
427 0
377 2
603 1
820 1
179 2
820 2
875 0
213 1
232 1
56 1
601 0
192 1
498 1
805 0
789 1
5 0
707 2
962 2
203 0
704 2
463 2
306 1
854 2
597 0
890 1
991 1
280 2
761 1
352 2
478 1
12 0
571 2
369 1
948 2
759 2
732 1
217 0
908 0
135 2
190 1
654 1
279 1
732 0
81 1
953 1
55 2
934 0
23 0
270 0
650 2
356 1
575 1
292 1
905 0
192 2
897 2
801 1
965 2
148 0
134 1
865 1
544 0
513 2
354 2
934 0
951 0
612 2
176 1
137 1
217 0
154 2
700 0
407 0
756 2
165 1
307 0
384 2
782 1
707 0
828 1
652 1
877 2
381 0
734 0
465 2
511 1
608 2
71 0
491 1
723 0
867 2
781 0
872 2
437 1
727 2
868 1
265 1
553 2
185 0
670 1
58 0
481 2
802 0
888 2
199 1
467 2
445 2
823 0
155 2
683 0
609 1
249 0
509 2
791 1
869 1
60 0
580 0
942 0
235 2
563 1
87 0
9 0
132 1
123 0
400 0
121 1
762 1
397 1
266 0
392 2
247 1
556 2
110 0
755 2
99 2
236 0
557 1
432 2
15 1
413 2
992 2
742 0
793 2
933 1
979 0
338 0
957 0
209 1
861 0
905 0
210 2
39 1
770 1
319 0
801 2
336 0
81 1
51 0
318 0
417 0
815 2
649 0
58 1
873 1
95 2
395 2
323 0
474 0
981 1
322 2
620 1
142 0
563 2
810 2
621 1
494 1
777 1
204 1
846 2
150 1
629 1
175 0
614 0
613 1
506 1
685 1
800 1
536 2
523 0
685 1
228 2
175 1
150 1
72 1
175 2
661 0
192 0
576 1
66 1
231 0
17 2
279 1
666 2
614 0
265 2
421 2
216 0
336 0
451 1
385 1
932 2
62 0
479 0
883 0
596 2
284 1
930 1
316 2
395 0
606 0
926 0
480 0
543 0
768 0
34 2
212 2
425 0
972 0
376 1
860 1
111 0
741 1
673 0
210 0
509 2
548 2
513 0
234 1
823 0
103 1
460 2
430 0
856 2
726 2
754 1
396 1
173 0
504 1
157 1
554 2
234 2
393 0
996 0
7 1
568 1
17 2
880 1
312 1
209 0
883 2
639 2
527 1
861 2
731 2
660 0
422 0
998 0
430 1
877 1
149 0
543 0
150 1
746 0
367 1
130 0
652 1
415 1
447 2
9 0
63 1
967 0
0 2
837 1
47 1
611 0
109 1
127 1
381 2
827 0
982 1
264 0
618 0
388 1
150 2
393 1
477 0
552 0
192 0
23 0
539 2
8 2
187 1
331 1
249 1
936 2
576 0
489 2
652 0
411 2
809 2
633 2
452 0
939 0
900 2
124 0
571 2
872 1
195 2
504 1
960 0
552 0
952 0
315 1
580 2
598 2
66 1
657 2
990 0
921 0
276 2
252 1
84 2
839 1
616 1
814 1
497 2
298 0
713 1
999 0
872 2
440 1
398 1
468 0
701 1
78 1
476 2
127 2
290 1
551 2
972 2
86 0
858 2
567 2
433 1
157 0
816 2
626 0
654 0
655 2
7 1
260 1
918 0
139 1
749 2
368 2
535 1
258 0
228 2
820 0
669 1
716 2
431 0
299 2
516 1
429 1
526 2
0 2
911 0
618 0
606 0
646 2
322 1
403 1
654 1
775 2
491 2
117 2
3 0
31 0
791 2
915 2
594 0
278 0
101 0
118 1
988 2
229 1
469 0
447 0
698 0
523 0
217 1
194 1
143 1
832 2
403 0
679 0
205 1
362 1
687 1
767 1
311 2
493 2
179 1
618 1
575 2
716 2
163 1
258 0
788 1
660 1
237 1
30 1
98 0
645 1
786 0
247 2
144 1
641 0
174 2
124 2
267 1
411 2
241 2
114 2
154 0
975 0
110 0
59 1
611 1
11 0
570 1
736 0
181 0
699 1
370 2
357 2
89 2
746 2
687 2
974 2
853 0
198 1
619 0
854 0
176 2
931 1
374 1
701 1
163 0
886 1
478 1
843 1
685 2
948 2
868 2
44 1
304 1
459 2
370 1
463 1
227 0
606 1
992 0
16 0
542 1
346 1
950 1
250 2
363 0
412 2
296 1
82 1
386 1
73 1
660 1
559 2
581 2
881 1
738 0
413 2
343 2
544 0
312 2
548 2
497 2
180 1
916 1
672 2
922 0
301 2
734 0
980 1
314 0
79 2
439 0
857 0
980 0
855 1
359 1
7 2
937 2
59 0
175 0
985 2
790 0
526 2
739 0
240 0
266 1
884 0
8 1
309 0
569 0
298 0
298 0
561 1
163 2
757 0
781 2
367 0
645 0
93 0
112 2
50 1
845 2
927 0
881 1
768 2
557 1
590 2
958 2
830 1
434 2
756 0
989 2
119 1
161 2
336 0
253 0
923 0
3 0
640 0
483 0
986 0
658 1
519 2
408 1
903 2
359 2
796 1
177 1
681 1
131 0
380 2
597 1
13 1
600 0
790 2
906 1
655 1
347 0
335 1
599 0
86 0
871 2
418 0
550 1
413 2
749 1
174 1
438 2
282 0
86 2
435 1
265 1
784 2
206 0
18 1
850 2
460 0
868 1
72 1
27 2
803 1
406 1
59 0
88 0
322 1
341 1
238 2
370 2
195 2
500 0
964 1
149 0
826 1
151 0
932 1
968 1
486 2
505 0
772 1
505 2
119 1
877 2
980 1
434 2
171 1
717 1
176 1
632 0
557 1
246 1
224 1
800 0
202 2
433 1
662 1
705 2
522 1
435 2
83 0
639 0
195 1
200 1
308 0
140 0
421 2
950 0
828 2
829 0
572 1
116 0
353 0
462 1
862 1
724 2
16 1
106 0
566 2
898 1
538 0
432 1
873 2
494 2
894 0
68 2
865 2
422 0
494 1
809 1
501 1
562 0
749 0
97 1
864 0
983 0
410 2
409 2
125 0
206 1
608 2
297 0
573 2
159 0
675 0
586 0
123 0
197 1
646 1
517 1
470 0
932 2
687 1
114 0
151 0
80 2
184 2
501 2
908 0
105 1
553 1
576 0
476 0
463 0
735 0
903 0
561 1
610 0
90 2
661 1
86 1
410 0
475 1
908 2
224 0
527 1
883 0
311 2
120 1
678 1
755 2
797 2
995 1
35 0
814 0
691 0
703 1
718 0
690 1
10 0
365 2
447 2
485 0
729 2
329 1
894 1
116 0
221 2
751 2
93 2
7 1
223 0
42 0
516 0
225 0
806 1
365 0
559 0
6 1
600 2
742 1
844 0
941 1
84 2
351 0
195 0
395 1
961 2
396 2
440 0
703 0
603 2
185 0
807 1
123 2
621 0
598 1
61 2
182 0
627 1
179 1
717 0
792 2
52 2
991 2
355 1
584 1
860 1
116 1
144 0
806 0
896 1
173 0
731 1
123 0
195 2
61 0
45 1
565 0
764 1
162 2
626 1
474 1
179 0
764 0
434 2
699 2
915 0
453 2
354 1
473 0
492 1
299 0
139 1
866 2
160 1
330 2
924 0
386 2
544 2
591 2
827 0
231 0
205 1
0 0
364 1
179 2
92 0
856 1
647 1
265 2
9 1
844 0
57 0
18 1
944 2
462 2
315 2
99 2
976 1
336 0
93 2
70 1
989 0
120 1
911 0
542 1
10 1
872 2
699 2
407 0
201 2
5 2
979 0
294 2
648 0
615 1
702 1
333 2
522 0
151 0
350 0
480 2
597 2
316 1
619 2
700 2
25 1
1 1
239 2
957 2
936 1
796 1
520 0
483 0
945 1
131 2
533 2
212 1
969 0
163 0
906 1
530 1
76 0
302 0
828 1
120 0
905 1
497 1
465 1
700 0
509 2
474 2
888 0
722 0
339 2
571 2
793 0
125 2
217 1
44 0
207 0
269 0
693 1
833 2
906 0
957 1
672 2
641 2
822 2
608 2
320 2
310 2
955 1
568 1
208 2
446 0
250 1
411 0
722 1
519 2
528 2
177 0
188 2
554 1
416 0
969 0
147 2
665 0
251 2
451 2
588 2
638 1
862 0
46 2
622 1
494 2
324 1
138 0
460 1
501 0
52 1
199 2
528 1
614 2
522 0
449 2
882 1
473 0
425 2
506 0
236 2
94 0
48 1
101 2
408 2
530 1
391 0
954 0
648 2
331 1
219 1
17 0
729 0
259 1
518 2
884 2
935 0
480 2
248 0
472 1
173 1
439 2
408 0
781 2
403 2
964 2
596 2
289 0
54 2
287 0
427 0
57 2
935 2
216 2
724 2
793 2
397 1
691 0
916 2
112 2
658 2
291 0
369 2
83 1
38 2
146 2
899 1
790 2
585 1
405 1
747 2
968 1
765 0
58 1
535 1
827 1
771 2
882 0
70 1
679 0
927 0
83 2
380 2
411 0
396 0
14 0
268 0
211 0
416 1
895 2
306 1
65 0
691 2
620 1
102 0
115 0
549 0
252 2
940 0
845 1
212 2
58 1
729 1
554 0
967 2
961 1
450 2
489 2
287 0
632 1
268 1
336 2
666 0
48 2
470 2
632 2
512 2
165 0
805 1
727 0
42 2
61 2
369 1
366 1
414 2
480 1
746 1
794 1
848 1
271 2
190 1
32 2
738 1
114 1
174 1
663 2
675 1
474 2
245 0
38 2
915 0
24 2
940 0
414 2
508 2
101 2
789 0
847 0
763 2
722 2
751 1
222 2
58 2
123 0
862 2
619 1
604 2
598 0
109 2
943 0
516 0
245 2
947 2
946 2
885 2
52 1
984 2
918 2
210 0
721 0
813 1
703 1
238 0
651 2
784 0
600 0
457 1
33 2
626 1
833 1
164 1
203 2
527 2
897 0
69 1
730 0
413 1
208 1
91 2
576 1
160 2
361 0
509 2
398 1
365 0
197 2
703 0
616 1
697 2
534 1
513 1
771 2
926 2
933 0
796 0
835 2
550 2
416 0
21 0
142 0
326 0
996 1
528 1
756 1
905 1
922 1
259 0
266 1
73 0
659 1
358 2
117 1
341 1
410 2
342 2
58 0
488 1
595 2
976 2
354 0
301 0
214 0
131 0
310 2
388 0
350 1
688 1
96 0
787 0
757 0
163 0
573 2
98 2
119 1
711 1
45 2
815 1
972 1
455 1
752 2
745 2
391 0
606 0
914 2
295 0
773 0
995 0
476 0
449 0
480 0
917 2
911 1
231 1
82 1
996 2
24 0
867 0
491 0
647 2
413 1
217 2
905 2
627 1
342 0
448 0
437 2
213 0
4 2
272 0
933 0
212 0
483 2
847 2
326 1
902 1
53 1
689 0
793 1
234 2
618 1
708 2
490 1
127 2
333 1
866 0
740 2
40 1
703 2
261 1
513 2
319 1
53 0
5 0
742 2
111 0
444 1
823 0
565 1
897 2
525 2
860 2
306 1
400 1
666 0
708 1
93 2
745 2
536 2
303 1
994 1
581 2
835 2
911 0
605 1
10 0
329 2
845 0
98 1
755 0
593 0
93 1
673 0
197 0
494 1
862 1
83 1
408 2
481 0
21 2
969 2
78 2
922 0
171 2
949 2
577 0
307 1
879 2
854 2
640 0
412 1
44 0
922 2
560 1
123 1
682 0
266 0
570 2
142 2
600 2
382 2
604 2
238 2
751 1
635 1
434 0
455 0
962 1
380 2
80 0
45 0
967 0
654 0
716 1
923 0
813 0
600 1
469 0
452 2
492 1
808 2
960 1
892 1
569 0
277 1
125 1
357 2
215 1
904 1
191 0
426 0
822 0
394 0
736 2
630 1
443 2
357 2
680 2
859 0
673 0
496 2
882 2
490 2
681 1
252 0
863 2
347 0
688 0
964 2
126 0
298 0
104 1
855 1
333 2
222 2
889 2
192 0
738 2
580 0
691 1
670 1
67 0
750 2
630 0
834 1
972 2
35 1
809 2
981 0
11 0
787 0
741 1
515 0
635 0
857 2
480 0
192 0
748 1
611 2
184 2
568 0
658 2
413 0
63 2
929 1
180 1
250 0
975 0
22 1
475 1
585 1
505 2
868 0
407 1
80 2
976 1
753 2
770 1
172 0
213 1
380 1
885 0
12 1
495 0
566 0
224 2
756 0
90 1
415 0
955 2
992 0
745 2
634 0
721 0
804 1
596 0
886 2
149 0
622 1
116 0
784 0
538 0
580 0
643 0
266 0
50 2
665 2
354 2
945 2
464 1
802 1
969 1
623 0
535 0
670 1
248 2
673 2
698 1
169 0
925 0
314 1
271 2
578 2
503 1
560 1
60 1
886 1
531 0
372 1
949 2
204 0
20 1
924 2
884 0
408 0
373 1
718 0
959 0
337 2
843 1
445 0
235 0
778 1
121 2
150 1
422 1
276 0
485 2
546 2
691 0
235 0
95 1
391 0
660 2
794 1
136 0
610 1
879 2
563 1
418 0
903 2
150 0
761 2
264 2
785 1
996 1
305 2
460 2
662 2
767 1
229 2
866 1
77 2
146 1
644 1
5 2
48 2
128 0
334 1
488 0
365 1
999 0
576 1
844 0
307 0
485 1
501 1
511 2
108 1
914 1
383 2
7 0
570 0
750 2
513 1
612 0
764 1
41 0
257 1
960 0
463 0
955 1
784 1
511 0
204 1
59 1
20 1
292 0
57 0
417 2
108 1
226 2
763 0
249 0
38 2
718 0
336 2
270 0
10 0
595 0
866 2
883 0
513 0
768 0
666 2
204 0
334 1
432 1
997 1
474 2
960 2
703 2
861 1
902 0
929 1
742 2
393 1
856 1
375 0
724 0
177 2
724 0
730 2
363 2
708 2
64 0
185 0
948 0
575 0
235 0
105 2
162 1
870 2
191 0
412 1
590 0
49 2
252 0
277 2
863 0
786 1
441 1
530 0
943 1
448 1
726 0
123 0
426 2
362 2
982 0
516 0
798 1
32 1
887 1
68 2
370 2
363 2
16 1
825 1
497 2
367 2
419 1
125 1
799 2
802 0
175 0
27 2
431 0
507 2
146 1
965 0
788 0
860 0
243 0
988 0
246 2
38 0
393 2
904 0
524 1
846 0
482 1
644 2
201 2
22 1
171 1
253 0
361 0
665 0
106 1
738 0
56 2
277 1
675 0
708 1
710 0
568 1
898 0
885 1
47 2
667 2
798 1
78 2
937 2
102 2
775 0
340 0
832 0
370 1
757 1
802 1
150 0
285 0
905 0
684 1
831 1
77 2
615 1
63 0
278 1
12 2
789 0
40 1
395 1
880 1
225 2
385 1
506 2
311 0
691 0
767 2
927 1
28 2
203 0
219 1
944 0
329 0
626 1
89 2
713 0
30 2
300 0
72 2
430 1
82 2
142 1
476 1
856 2
672 0
609 2
922 1
344 0
354 0
843 0
385 1
882 2
816 1
744 2
31 1
536 2
864 0
725 1
329 0
850 0
614 0
952 1
744 2
784 1
22 0
240 2
517 2
691 0
176 2
927 2
967 2
759 0
940 2
314 2
166 1
940 2
47 1
162 1
283 1
117 0
953 0
839 1
599 2
555 1
445 0
492 0
636 0
695 1
690 0
31 2
504 0
668 2
82 0
449 0
301 0
83 1
354 2
706 0
73 2
720 1
248 0
954 1
341 0
948 1
219 2
792 1
202 0
835 2
654 2
198 0
437 2
364 1
336 2
990 1
158 2
75 2
363 2
757 0
701 0
38 0
262 0
826 2
257 0
541 0
2 1
440 2
945 1
859 2
917 0
468 2
441 2
843 2
975 1
696 2
377 1
668 0
947 1
742 1
822 0
77 2
744 0
893 0
893 0
865 2
706 0
464 1
260 2
512 1
682 0
53 0
111 1
544 1
563 2
391 1
368 2
341 0
766 2
659 1
93 0
266 2
277 2
642 2
273 1
182 1
641 2
498 1
233 1
148 0
2 0
980 2
193 0
157 1
728 0
387 2
555 0
57 0
301 2
13 2
116 1
665 0
869 0
169 1
279 2
295 0
206 2
161 2
901 0
373 1
458 2
875 2
170 2
108 2
948 2
159 0
772 2
217 1
869 1
672 2
467 2
603 1
11 1
891 1
253 2
973 1
187 2
878 0
10 0
126 2
900 0
502 1
483 1
623 2
199 2
273 0
584 0
276 2
252 1
751 0
859 0
127 1
730 1
335 2
315 1
605 2
84 2
377 1
881 1
622 2
321 0
565 1
876 0
977 0
332 0
639 2
901 1
417 0
303 0
149 2
110 0
522 0
516 2
447 1
465 2
32 2
597 1
197 1
637 2
696 2
565 2
967 0
7 2
261 0
319 2
150 1
318 1
71 2
100 1
8 2
866 1
527 1
204 1
861 1
170 0
939 1
603 0
635 2
380 1
206 1
375 0
468 2
718 1
536 1
862 1
513 1
906 0
395 0
554 0
940 2
79 1
147 0
957 0
102 1
743 2
829 0
540 0
840 0
867 1
745 1
552 0
467 1
618 1
990 1
621 2
461 2
900 1
666 0
800 0
497 1
753 1
929 0
386 0
673 1
239 1
674 0
601 1
865 1
335 1
288 2
745 1
267 1
771 2
893 2
231 2
443 1
669 1
934 0
369 2
195 0
966 0
875 2
574 2
937 2
323 2
119 1
798 2
967 1
609 0
212 1
980 0
700 0
759 0
439 0
681 1
135 2
894 2
54 0
643 0
870 1
353 2
779 1
747 1
469 2
535 0
651 1
877 1
468 1
831 2
129 2
861 1
178 2
275 1
167 2
583 1
781 2
185 2
837 0
350 0
101 0
488 2
39 1
118 1
446 2
42 0
52 1
163 1
505 2
450 0
389 2
212 2
649 1
765 1
867 0
228 0
370 1
183 0
882 2
943 1
55 2
447 2
998 0
766 1
322 2
244 2
571 0
395 2
723 2
823 2
110 1
235 1
973 2
206 2
447 0
391 2
961 0
56 1
169 1
728 1
793 1
170 1
548 1
167 1
51 2
791 2
418 0
377 2
570 0
879 0
559 2
422 2
379 1
772 1
1 2
858 2
705 1
451 0
992 2
36 2
447 0
735 1
913 2
476 1
398 1
126 1
82 0
18 0
528 0
555 2
537 1
575 2
256 2
672 0
0 2
437 0
911 0
978 1
556 1
155 1
221 2
890 0
292 1
364 0
866 2
951 2
656 2
113 0
227 0
605 1
462 1
550 0
73 1
739 2
828 0
162 1
507 0
307 2
237 0
245 0
355 0
211 1
441 2
787 0
809 2
973 0
727 2
147 0
191 0
622 1
165 2
62 2
478 2
32 0
407 2
797 1
595 1
840 2
409 0
760 0
818 0
138 2
232 0
551 0
31 2
19 2
366 1
244 2
539 2
671 2
840 0
226 1
111 0
858 1
887 2
250 2
704 2
721 1
847 2
893 1
10 0
781 0
39 0
926 2
1 2
400 0
951 2
209 0
260 0
113 0
114 0
75 2
876 1
581 2
513 2
92 0
975 0
22 2
746 2
267 1
315 0
304 2
975 0
653 2
925 0
474 1
300 2
932 2
437 1
645 1
616 0
840 2
800 1
547 0
618 1
701 2
119 2
578 2
354 0
694 0
581 1
469 0
977 0
434 2
92 1
245 1
676 1
30 2
959 0
876 0
862 0
264 2
275 0
748 1
202 0
878 2
520 1
182 2
876 0
640 1
32 1
946 1
169 1
345 2
93 0
249 2
740 0
759 2
83 2
730 2
162 2
552 0
798 1
722 0
33 1
861 1
31 2
958 0
26 1
781 1
267 1
773 1
636 1
715 1
648 2
201 2
589 0
291 2
220 0
137 1
756 1
762 1
252 2
878 0
695 1
396 2
995 2
229 1
441 2
359 0
742 0
729 0
664 2
847 0
758 0
803 1
146 2
334 2
970 0
405 1
367 2
503 2
737 0
311 2
243 2
695 0
804 2
192 0
375 0
989 2
777 2
128 2
486 2
513 2
885 2
586 2
140 0
884 1
708 1
163 1
862 0
935 1
766 0
419 0
2 1
814 0
558 2
150 2
924 1
396 0
780 2
316 1
494 1
103 0
987 1
423 1
731 1
865 0
146 0
212 2
550 1
860 2
50 0
344 2
141 0
498 0
318 1
889 0
373 2
523 1
512 0
75 2
316 0
134 1
757 2
531 2
53 0
125 1
678 0
355 0
7 1
349 0
923 2
939 1
774 0
410 2
659 1
488 0
161 1
912 2
195 1
696 1
148 2
555 1
27 1
985 0
361 1
253 2
883 1
223 2
259 2
74 0
184 1
518 1
903 0
355 2
230 1
678 2
479 2
998 0
557 2
659 1
424 0
884 2
164 2
815 2
435 0
629 1
598 1
553 0
532 2
804 1
749 1
131 0
229 2
683 1
859 2
716 0
378 1
532 1
354 2
794 2
693 1
799 1
572 0
514 0
836 2
467 0
453 2
806 1
230 2
322 1
327 0
731 2
136 1
965 2
96 0
117 2
33 2
643 2
172 2
614 0
217 1
231 2
165 2
268 0
671 2
609 1
721 1
530 2
706 2
678 1
48 2
226 1
834 1
807 2
716 2
357 1
760 0
191 1
38 0
918 2
376 2
306 2
510 1
849 1
507 0
480 2
19 2
556 1
488 0
819 0
946 0
600 0
256 1
688 2
877 2
401 2
687 2
799 1
874 2
544 0
175 0
518 1
648 1
832 1
87 2
677 1
414 2
183 0
86 0
99 1
490 2
625 0
76 2
145 0
277 1
272 1
144 2
17 2
162 0
79 2
268 2
765 0
508 0
467 1
569 2
904 2
554 0
323 2
397 1
502 2
758 1
504 1
707 1
631 2
619 2
378 1
501 2
500 1
924 0
252 1
267 2
498 0
251 2
234 1
800 0
926 2
750 0
579 1
916 0
896 2
366 2
617 1
99 2
309 0
74 1
454 1
19 1
581 2
807 1
431 0
937 2
513 1
447 0
668 1
976 0
524 1
813 1
867 0
150 1
156 1
664 2
614 1
341 1
980 0
187 2
660 1
226 2
399 0
61 0
305 2
328 1
248 2
749 1
4 0
948 2
407 1
706 0
185 2
456 1
497 1
185 2
895 0
71 2
197 0
689 1
18 2
452 2
468 1
638 0
579 0
76 0
731 0
736 1
815 2
243 0
869 0
212 1
801 0
215 1
264 0
871 0
829 2
500 2
58 0
861 0
792 2
159 1
188 2
119 1
204 2
344 0
462 0
632 2
210 2
22 0
443 2
166 2
775 0
950 1
373 0
410 2
523 0
253 1
804 1
542 1
554 1
155 0
48 1
603 1
654 0
855 2
917 1
195 2
682 2
376 2
728 0
322 1
630 1
39 1
57 2
446 0
20 1
535 1
627 1
989 2
819 1
297 2
788 2
756 1
330 2
787 1
18 1
526 0
32 0
227 0
40 0
700 2
244 2
87 1
211 2
342 1
628 0
564 0
241 1
310 0
246 0
429 2
907 2
316 1
261 2
83 1
969 1
97 0
352 0
593 2
176 1
958 2
553 2
672 2
518 1
64 1
77 1
331 1
490 2
499 0
50 2
581 1
718 1
634 0
598 1
833 0
474 2
477 1
573 2
846 0
463 0
372 1
707 2
988 1
573 1
477 2
914 2
64 2
827 0
874 2
862 0
455 1
263 2
442 2
271 2
696 0
513 1
438 1
560 2
466 2
410 0
228 2
446 2
833 1
390 1
851 2
58 2
48 0
764 2
63 0
91 2
105 2
775 2
179 0
622 2
465 2
424 0
814 0
539 1
387 2
912 0
472 2
683 2
653 2
433 2
11 1
37 1
162 1
9 1
389 1
516 0
620 1
807 2
686 0
333 2
766 1
890 1
812 0
24 0
130 1
112 0
904 1
337 0
24 0
147 2
989 1
876 0
720 2
831 2
290 0
989 1
115 1
693 1
997 0
755 0
200 2
779 0
980 0
990 2
162 0
726 0
18 0
142 2
119 2
33 0
222 1
336 1
166 1
491 0
381 2
610 1
238 1
481 0
116 1
465 0
328 0
686 1
237 1
183 0
649 2
990 2
171 1
522 0
954 1
475 0
776 1
326 0
129 1
411 0
357 1
740 2
854 0
296 0
313 2
526 0
556 0
823 2
722 1
807 1
260 0
585 1
405 0
205 1
563 2
837 1
525 2
318 2
387 1
59 1
947 2
928 2
737 1
92 1
668 0
102 2
691 2
958 2
853 0
560 1
255 1
778 1
193 2
657 1
212 1
230 0
668 0
237 1
282 1
928 1
271 2
678 1
561 1
344 2
438 2
461 2
634 2
449 1
814 1
943 2
459 0
885 0
224 0
747 1
908 0
758 1
528 2
522 2
586 1
890 0
897 2
134 2
386 2
764 1
978 1
181 0
988 0
315 0
67 1
608 1
545 0
972 1
183 2
953 0
509 2
150 0
240 2
257 1
559 0
674 1
647 2
745 0
869 0
259 0
944 1
173 2
774 0
791 1
665 2
499 1
303 2
923 1
912 1
837 2
53 1
23 0
969 1
701 2
795 0
564 0
503 1
454 0
720 1
574 2
535 0
469 2
563 1
835 2
73 0
337 1
857 1
607 2
114 1
137 2
800 1
449 0
988 1
417 0
694 0
239 1
5 0
539 2
147 2
538 2
298 1
374 2
686 2
211 2
732 0
401 1
544 1
339 0
128 1
783 0
189 0
503 0
283 0
902 1
998 2
507 0
158 2
930 0
561 1
784 0
827 1
569 0
227 1
558 2
627 2
170 1
386 2
250 0
737 0
334 0
459 0
833 1
498 1
591 1
783 0
901 0
205 0
133 2
989 1
457 2
278 1
19 0
868 2
873 1
250 1
136 1
608 0
466 2
7 1
653 1
669 1
888 0
89 1
275 0
577 2
233 1
358 1
941 1
823 1
181 2
709 2
630 1
364 2
40 1
562 2
670 1
807 2
620 1
88 2
53 1
296 0
12 0
305 1
805 1
115 1
668 1
505 2
329 0
390 2
441 0
851 2
593 0
419 1
544 2
655 1
852 0
390 0
337 2
729 0
129 2
959 1
487 0
78 2
462 2
728 1
119 0
779 0
763 1
525 2
365 0
142 2
593 1
72 2
415 0
742 0
362 1
643 2
552 1
904 0
843 2
407 1
456 0
68 1
700 0
955 1
436 2
917 1
513 0
418 1
13 2
656 0
961 2
410 0
543 1
495 0
461 0
312 0
407 0
704 1
753 2
76 2
63 1
113 2
806 1
915 2
700 2
866 2
454 2
111 1
654 0
755 2
964 2
873 0
498 2
179 2
918 0
375 1
46 2
999 0
325 2
942 2
462 2
222 1
519 0
513 0
552 1
373 2
632 2
738 2
461 2
5 1
534 1
477 0
834 2
856 1
179 0
709 1
907 0
232 1
57 0
422 1
470 2
699 0
579 1
825 0
256 2
688 2
590 0
446 0
616 2
488 1
313 0
111 0
40 1
361 0
560 0
823 1
136 1
225 2
548 1
633 0
158 1
244 0
224 1
617 1
633 2
143 2
147 2
80 1
806 2
728 0
954 0
855 1
655 1
887 1
107 0
890 0
898 1
946 0
754 2
538 0
539 1
327 2
683 2
484 1
771 0
352 1
748 1
860 1
527 1
105 1
405 1
41 0
131 0
575 1
203 2
225 2
623 1
624 2
647 0
704 0
394 0
763 1
321 1
124 1
254 0
154 1
409 1
504 1
360 2
712 1
734 0
215 1
407 2
116 2
983 0
740 1
81 1
255 1
198 2
296 2
584 1
890 1
761 1
705 2
531 0
183 0
132 0
487 0
149 2
448 1
728 1
643 0
916 2
949 2
156 2
770 1
822 2
574 2
49 0
482 2
892 2
69 0
202 1
37 0
668 1
542 1
322 0
327 2
518 1
328 0
207 1
23 1
294 2
380 2
213 1
872 0
180 1
37 1
235 0
677 1
314 1
763 2
528 1
956 1
385 1
129 1
925 2
470 2
123 0
876 0
198 0
91 2
410 2
35 2
49 2
264 2
38 2
304 2
907 1
895 0
698 2
766 1
214 0
618 0
82 2
148 1
190 0
439 2
416 1
974 0
937 0
677 0
290 1
351 1
574 0
376 2
843 1
530 2
891 2
996 0
559 1
425 2
822 1
600 2
659 0
992 1
879 2
822 1
778 1
716 1
119 1
431 1
967 1
249 0
802 1
185 0
417 2
678 1
138 2
620 0
640 0
773 1
189 1
808 2
598 1
54 1
329 1
878 1
221 2
319 1
653 1
844 1
805 0
324 0
141 1
22 1
409 0
891 2
457 0
198 0
759 0
461 0
242 2
285 1
250 2
237 2
693 0
427 2
77 1
69 2
336 1
431 2
855 1
255 2
970 1
19 2
574 0
477 1
678 0
137 2
112 1
103 2
219 2
312 1
915 1
270 1
729 0
211 2
862 2
850 0
227 0
590 2
139 2
536 0
421 1
335 0
71 2
488 0
263 0
762 0
251 0
521 2
749 1
746 0
166 2
398 0
417 2
794 1
696 0
554 2
49 2
622 2
980 1
588 1
485 1
723 0
918 1
244 0
266 0
696 2
961 1
173 0
606 1
641 2
707 0
105 2
878 0
921 0
756 2
670 0
905 0
387 2
96 0
334 1
540 2
741 1
744 0
339 2
25 0
538 0
740 2
533 2
826 2
308 1
473 2
335 1
949 2
354 0
168 1
707 2
521 0
210 0
888 2
734 1
330 1
765 1
961 0
155 1
648 2
241 1
206 2
298 1
506 0
131 1
784 2
86 1
392 1
81 1
235 1
730 0
298 2
709 1
194 2
713 2
489 1
70 2
499 0
591 2
792 0
842 2
539 0
37 1
959 0
257 0
725 2
300 2
666 1
465 1
313 0
145 1
498 1
226 2
215 1
543 0
122 2
476 0
782 1
797 2
483 2
656 0
277 0
65 0
839 1
52 2
136 1
454 0
51 0
18 1
828 1
318 0
752 2
67 1
410 0
115 1
808 1
967 0
919 2
779 1
622 2
407 1
574 0
966 2
360 0
557 2
367 2
1 1
521 1
938 1
958 0
323 0
291 0
529 0
192 0
304 1
57 2
522 0
820 0
479 0
199 1
211 1
199 1
481 0
275 1
267 0
351 2
122 0
421 2
80 1
792 2
98 1
294 2
211 1
224 1
874 1
89 0
408 2
562 0
715 0
602 2
456 2
668 2
48 2
893 1
276 2
77 1
577 0
121 0
544 1
390 1
545 0
935 1
339 2
647 2
837 0
822 2
821 2
133 1
375 1
924 0
80 2
646 1
582 0
344 1
577 1
662 0
911 0
427 0
307 2
198 2
404 2
472 2
735 1
54 1
225 0
153 0
917 0
779 2
845 1
417 1
329 1
629 2
600 0
951 0
875 2
841 0
915 2
914 1
92 2
515 0
592 0
142 1
399 2
702 2
212 1
543 2
885 2
209 0
673 1
148 1
552 1
370 0
859 1
103 0
262 1
522 1
19 0
659 2
977 1
21 0
595 2
924 2
638 2
684 1
949 1
559 0
565 2
244 0
806 2
317 0
863 2
805 2
852 0
506 1
608 1
925 1
158 0
167 0
220 1
943 1
506 0
84 2
784 2
412 1
600 2
200 1
564 1
553 0
465 0
788 2
557 2
303 0
766 0
724 2
271 0
944 2
549 2
342 1
40 0
287 2
600 1
408 2
103 1
431 1
597 2
530 2
544 1
939 0
387 1
35 0
287 1
242 2
127 2
238 2
194 0
537 1
223 0
898 1
6 2
92 0
640 0
188 2
25 2
90 1
734 0
374 0
94 2
546 0
202 1
321 1
771 1
91 0
838 0
848 0
56 2
272 2
246 1
35 1
78 1
827 1
958 2
109 0
5 0
24 0
952 2
569 0
193 1
49 1
742 1
246 2
896 1
797 2
230 0
872 1
665 2
259 2
718 2
621 2
226 0
801 1
164 0
395 1
855 2
930 1
179 2
423 2
885 1
113 0
52 0
894 1
60 0
760 1
512 2
350 2
128 1
467 0
480 2
51 1
301 1
90 2
607 1
786 2
612 1
148 1
33 1
734 0
616 2
293 2
172 2
984 1
978 0
440 0
124 1
898 2
59 1
468 2
731 2
238 2
94 2
881 0
652 0
206 1
684 1
676 0
656 1
465 1
168 0
227 0
248 0
865 0
658 0
596 1
790 0
624 0
512 2
554 0
926 0
930 0
980 2
759 0
796 1
549 2
750 2
489 0
747 2
496 2
387 0
69 1
21 2
666 2
269 0
742 0
863 0
669 1
750 1
637 0
535 1
53 0
949 2
359 0
954 2
685 0
78 2
899 1
770 0
697 2
351 2
865 1
966 2
915 2
427 2
879 2
764 0
301 0
567 0
468 2
656 2
589 0
6 0
675 1
96 1
615 2
406 1
260 0
526 1
843 0
109 0
813 0
755 0
653 2
960 1
699 0
923 1
116 0
647 2
15 2
235 1
214 0
347 0
676 1
307 1
12 2
22 0
221 2
852 1
937 2
388 0
209 1
679 1
569 2
539 2
709 0
803 1
586 1
210 1
522 0
536 0
802 1
347 1
683 2
94 0
69 2
51 2
577 0
552 1
578 2
709 0
397 2
210 0
769 2
844 1
414 0
18 2
187 2
552 2
647 2
330 2
720 1
601 2
140 2
449 0
598 1
474 0
70 2
545 1
197 1
231 0
454 2
987 2
242 1
394 1
249 2
260 2
974 0
597 1
858 1
405 1
588 1
952 1
426 1
977 2
449 1
177 0
89 2
421 2
23 1
228 1
205 2
793 0
8 0
3 2
357 1
365 0
96 2
359 0
527 2
366 1
279 0
740 2
145 2
324 2
581 1
123 1
497 0
868 1
606 2
251 2
572 0
961 2
223 1
205 2
81 0
121 0
172 0
322 1
952 2
310 0
548 0
458 1
539 2
834 1
355 0
595 0
128 2
423 2
478 2
883 1
156 1
67 0
94 1
588 0
814 2
63 2
920 1
589 2
367 1
950 2
43 1
519 0
39 0
170 1
661 0
524 1
820 2
216 1
253 0
726 2
248 0
380 0
824 2
187 0
956 1
92 1
312 1
405 0
458 0
509 1
477 0
774 1
322 0
133 1
119 0
369 1
609 0
461 0
350 0
652 0
868 0
431 0
19 0
960 0
326 1
520 1
670 1
781 0
983 2
961 1
980 2
313 1
928 2
230 1
491 2
314 2
66 2
806 0
289 0
203 1
307 0
899 0
996 1
729 1
625 0
566 0
236 2
622 1
412 2
439 1
323 1
547 1
80 1
780 1
930 2
859 2
872 2
890 1
649 0
580 0
836 1
617 1
758 2
93 0
633 0
12 1
42 2
589 2
932 2
333 1
994 0
676 1
304 0
547 0
361 0
440 1
709 1
279 0
619 1
925 2
695 0
400 1
501 1
937 2
687 0
786 0
359 1
742 1
916 0
308 0
922 2
17 2
31 1
868 1
958 0
439 0
687 1
340 0
157 2
895 0
411 2
611 1
44 2
985 1
874 0
990 1
131 2
594 0
60 1
109 1
933 0
882 1
557 2
35 2
650 1
694 1
302 1
941 0
264 2
216 0
86 0
633 2
219 1
482 1
491 0
710 1
662 1
613 1
727 2
925 1
64 1
116 2
280 0
112 0
409 1
447 0
778 0
664 2
867 1
267 0
152 2
571 1
20 2
718 2
607 0
697 2
179 2
734 1
763 2
286 0
552 2
691 1
719 1
845 2
199 2
428 1
591 0
286 0
433 2
930 1
613 1
285 2
930 1
60 0
512 1
155 2
821 0
709 2
240 1
712 2
919 2
896 0
295 2
321 0
705 0
625 1
172 1
517 1
78 1
672 2
883 0
39 1
912 1
491 0
169 1
246 0
421 2
841 2
63 0
983 2
318 1
454 1
331 1
990 2
777 1
760 1
168 2
826 2
461 0
517 1
118 2
206 1
712 0
686 1
212 2
133 0
707 0
198 1
682 1
22 2
707 0
613 2
524 1
257 0
222 2
735 2
885 1
936 2
543 0
78 1
585 0
876 1
956 1
258 0
239 0
206 2
133 0
445 2
854 1
14 1
848 1
704 0
966 0
463 2
217 2
128 1
179 0
378 2
709 0
667 0
706 1
97 1
158 0
664 0
733 0
637 2
125 1
410 2
206 2
54 2
915 1
535 0
197 1
594 0
253 1
752 1
921 2
412 0
517 1
841 0
804 1
854 2
292 1
167 1
470 2
75 0
770 1
792 2
594 1
845 2
847 0
569 0
735 0
691 0
57 2
546 0
724 2
268 1
410 0
985 2
454 0
759 2
942 2
133 1
815 2
519 2
723 2
799 0
635 2
961 2
411 0
629 1
814 1
138 2
412 1
687 1
576 2
882 0
591 2
878 0
23 0
641 1
352 2
839 1
640 2
356 0
772 1
30 1
183 1
770 2
472 2
318 0
956 1
467 1
465 2
94 0
311 2
291 2
268 0
53 2
778 0
180 2
464 0
341 1
73 0
474 1
781 0
88 0
89 0
862 1
51 2
670 0
690 2
421 1
166 2
585 0
169 2
741 1
620 2
881 0
543 0
613 2
986 2
663 1
626 0
301 1
62 2
865 1
522 1
115 1
699 1
600 2
819 2
432 0
714 0
291 1
911 0
265 2
226 0
191 2
90 2
724 2
632 2
476 1
54 1
153 2
334 1
475 2
650 2
58 0
125 2
672 1
104 0
979 2
376 0
255 2
859 2
870 0
605 2
234 0
699 2
367 0
150 1
199 1
968 1
688 2
195 0
711 0
20 2
256 0
59 2
597 2
79 2
635 1
923 0
527 1
177 2
81 0
670 1
716 0
325 1
728 1
458 1
0 1
122 2
907 1
379 0
294 0
853 2
372 0
894 2
108 2
950 2
820 2
626 0
540 1
498 2
329 1
903 1
391 2
43 2
31 0
623 1
899 2
539 1
354 1
853 1
640 0
53 1
45 2
873 1
627 1
708 0
101 2
901 1
524 1
278 0
452 0
753 2
999 1
404 1
364 1
594 0
898 1
388 0
266 0
935 0
844 1
347 0
519 0
174 0
459 2
709 2
420 1
715 0
366 2
254 2
119 2
15 1
259 2
236 0
252 0
680 0
472 2
994 1
91 1
692 0
553 0
516 2
667 2
112 0
415 2
725 1
937 2
139 2
676 2
365 0
669 1
585 0
344 0
313 0
283 2
479 0
593 0
91 0
451 2
492 2
387 2
796 0
748 0
430 2
758 0
211 2
546 0
694 2
579 0
845 1
981 1
247 0
97 0
44 1
596 2
377 0
91 1
896 1
457 1
541 0
411 1
261 2
469 2
779 1
418 2
328 0
676 1
740 0
219 0
593 0
246 2
7 2
56 1
364 2
447 2
326 0
219 2
747 2
329 1
171 1
926 2
107 0
351 2
545 0
899 1
624 2
587 2
628 0
420 2
928 0
793 2
49 0
73 1
36 2
607 0
128 2
192 0
173 2
655 1
809 0
190 1
865 1
914 2
940 0
818 2
309 2
389 2
653 2
528 0
443 2
69 1
618 2
196 1
208 1
768 2
978 0
987 0
985 1
75 0
355 1
348 1
891 2
828 2
767 2
791 2
21 1
905 1
212 2
158 0
164 0
230 1
484 2
112 2
9 1
261 2
225 0
245 1
188 0
906 1
424 1
63 0
924 2
875 1
372 1
347 1
496 2
307 2
441 0
534 0
538 0
972 0
867 2
760 1
746 1
61 2
522 0
257 1
888 1
575 1
691 1
20 0
856 2
58 1
118 1
675 1
684 1
315 1
59 0
73 1
393 1
314 2
558 1
186 0
767 2
851 2
3 0
874 2
430 2
789 2
502 0
711 0
431 0
920 0
514 1
733 1
847 2
980 1
920 0
668 1
83 1
501 0
487 0
571 1
533 0
935 2
231 2
857 1
990 2
379 2
454 1
271 1
822 1
594 0
960 0
784 1
717 1
782 2
728 1
642 0
119 0
346 2
403 1
255 2
739 0
853 1
143 0
884 1
672 1
843 2
146 2
956 0
926 1
23 1
790 1
501 2
728 0
602 0
693 1
311 2
674 2
378 0
43 1
26 2
234 1
240 0
384 2
224 1
600 1
283 1
77 2
780 1
938 0
150 2
407 0
178 2
443 2
409 0
589 2
371 2
555 0
363 2
81 2
946 0
323 1
890 1
790 0
587 1
440 2
805 2
275 0
978 2
158 2
33 2
225 0
969 2
632 2
358 1
200 2
757 1
944 2
43 0
531 1
588 0
137 2
19 0
337 1
877 1
901 2
44 0
142 0
574 2
171 1
781 0
636 2
869 2
925 0
606 1
109 0
254 0
375 1
163 0
31 0
935 0
244 1
644 1
22 0
205 1
244 0
247 0
569 0
550 2
940 1
388 2
93 0
689 2
470 0
556 1
385 2
804 0
331 1
855 1
998 2
190 2
140 2
598 1
228 0
802 2
432 0
587 0
220 0
920 2
647 2
627 2
925 2
224 2
649 2
416 0
743 1
638 1
579 0
939 1
267 0
166 1
489 0
478 2
275 1
780 1
282 1
163 0
88 0
373 2
662 1
760 2
6 2
498 0
825 1
654 1
68 2
148 1
179 1
632 1
646 1
350 0
651 2
461 0
822 1
711 1
409 1
196 0
990 1
254 1
856 0
818 0
424 0
31 0
323 1
418 2
189 2
375 0
285 0
123 0
784 1
148 0
134 1
259 2
884 2
485 1
221 2
910 1
976 0
248 2
446 2
374 2
579 1
330 1
908 0
627 0
913 2
946 1
714 1
790 2
125 1
142 2
62 2
749 2
135 0
685 2
335 1
577 0
753 2
297 1
272 0
727 1
550 2
871 1
844 1
697 0
42 2
404 1
758 1
750 0
709 2
239 0
809 2
147 1
769 1
301 0
431 1
156 2
762 2
914 2
428 1
425 1
809 1
276 2
925 2
82 2
507 0
173 2
175 0
571 2
552 2
773 0
62 1
475 1
306 1
227 2
156 2
685 2
383 0
724 2
305 2
542 1
661 1
723 1
100 2
467 2
619 1
78 0
510 0
845 2
531 1
68 1
781 1
846 0
35 1
539 0
839 1
951 0
759 1
740 0
418 2
965 2
287 2
570 0
728 2
919 2
28 1
252 2
156 1
600 1
184 0
891 1
921 2
198 0
450 1
652 1
425 0
566 2
85 2
222 2
969 0
257 0
414 1
72 2
299 0
294 2
804 0
544 2
797 2
619 2
863 0
472 2
23 0
406 0
704 0
592 0
293 2
499 2
964 0
746 1
210 0
890 2
500 0
588 1
367 0
961 1
434 0
741 2
743 0
604 0
584 0
508 0
837 1
547 1
680 2
853 0
560 2
538 0
445 2
946 0
719 1
421 1
655 2
224 2
130 2
43 0
795 1
155 2
275 1
748 0
161 1
44 1
464 1
50 1
987 2
982 0
857 0
378 0
306 1
463 0
789 0
374 2
609 1
146 0
106 0
628 2
762 2
473 1
839 0
915 0
496 0
541 0
233 1
146 1
115 0
528 1
557 1
759 2
670 1
155 0
459 0
433 1
777 1
961 1
471 1
231 2
663 2
79 2
672 0
731 2
52 1
206 1
928 0
90 1
361 0
156 1
762 2
212 0
860 0
552 1
917 1
195 0
971 0
901 2
506 2
811 0
313 1
934 0
412 2
17 1
903 0
440 2
21 2
171 1
612 1
890 2
267 1
255 2
149 0
703 0
660 2
833 2
701 1
920 2
986 0
414 0
714 2
904 0
508 2
378 0
568 1
730 1
880 2
79 0
360 2
979 1
566 0
253 1
922 0
691 2
171 1
847 0
492 2
393 2
392 1
865 2
812 2
326 1
506 0
493 1
880 2
42 1
310 0
716 1
841 2
204 1
598 1
173 0
500 2
151 2
300 2
203 2
252 1
498 0
426 2
396 1
296 0
5 0
185 0
826 0
159 1
235 1
314 0
531 1
528 0
671 0
739 2
12 1
340 0
954 2
966 1
995 1
886 2
822 0
346 0
24 1
584 0
103 1
328 1
623 2
587 2
1 1
909 1
292 2
212 1
233 1
50 1
705 1
104 2
279 2
631 2
7 2
819 1
669 1
721 2
707 2
935 0
514 0
134 1
694 1
865 2
286 1
726 2
766 0
131 2
505 2
73 0
857 1
791 2
900 2
219 1
953 2
337 0
432 1
337 2
931 1
366 0
139 1
299 1
435 2
895 0
799 1
359 0
892 1
350 2
538 1
743 1
301 0
824 2
431 2
541 2
47 2
212 0
787 2
626 1
533 0
637 0
611 1
792 0
886 2
448 2
393 1
251 2
867 0
858 2
926 2
976 2
236 1
868 1
165 0
591 2
343 2
851 0
16 0
526 0
661 0
466 0
271 0
135 2
356 0
643 0
282 0
941 0
944 1
179 1
990 2
586 1
399 0
830 1
66 2
648 2
668 2
55 2
0 2
803 1
158 0
216 0
469 1
898 0
536 0
953 1
217 2
316 2
205 2
350 2
205 1
55 0
253 0
611 0
861 1
160 1
438 0
16 1
953 1
785 0
609 1
607 0
485 0
286 2
383 1
838 2
30 1
437 1
420 0
590 1
984 2
730 1
315 0
794 2
962 0
396 2
320 1
227 0
267 0
899 1
647 0
768 1
316 1
831 1
673 0
381 1
617 2
807 1
284 2
457 1
429 0
916 2
375 0
278 2
393 1
406 0
767 2
350 2
622 1
510 1
85 2
4 0
210 0
484 1
887 0
800 1
792 1
190 0
371 0
233 2
462 1
983 2
930 2
388 1
447 0
971 2
678 2
984 2
265 2
283 0
128 2
587 0
399 0
162 2
801 2
611 0
18 1
609 1
185 2
952 2
292 0
123 1
487 2
124 1
811 2
216 1
307 2
604 1
585 0
925 2
713 0
540 2
492 1
747 1
396 1
496 0
692 0
516 2
411 2
53 1
205 1
438 0
470 2
630 1
932 1
176 1
622 0
246 1
904 2
234 0
575 2
826 0
233 0
427 2
535 1
177 0
924 2
843 0
350 0
679 0
419 1
200 1
145 2
402 0
763 2
877 1
559 2
508 2
867 0
395 2
331 1
662 1
679 2
313 1
627 2
817 1
69 2
369 1
323 1
375 1
366 0
633 1
108 1
606 0
260 0
568 2
739 1
23 2
877 2
197 2
314 1
968 0
817 2
956 2
960 1
445 0
209 2
468 0
275 2
317 0
406 2
6 2
615 1
619 0
638 0
256 0
15 2
358 0
876 1
285 2
296 0
654 1
337 2
319 1
271 2
312 1
616 0
384 0
772 0
535 2
835 2
62 0
795 2
818 1
701 0
416 2
924 0
772 2
333 0
679 1
490 0
562 0
977 1
532 0
669 0
5 0
187 2
957 2
460 0
342 0
947 2
769 2
299 0
347 0
995 1
90 0
921 1
969 1
323 0
1 1
929 1
292 0
76 0
823 1
641 2
686 0
515 0
399 2
188 1
10 2
676 0
845 2
458 1
266 1
467 1
545 2
861 1
23 1
842 2
165 2
329 2
840 2
623 2
785 2
368 2
849 0
965 2
932 2
674 0
74 1
496 1
18 1
982 2
246 2
254 0
112 0
173 1
461 0
233 2
600 1
304 0
33 1
457 2
63 2
358 0
643 2
802 2
116 2
74 2
576 1
217 1
992 0
955 0
362 1
86 1
140 1
26 0
128 2
182 2
977 1
964 0
598 0
575 2
367 2
847 0
93 2
199 0
95 2
591 0
329 0
484 1
124 2
23 2
972 2
229 0
111 1
635 2
989 2
227 2
2 2
394 0
111 0
156 0
493 1
705 1
615 1
435 0
128 1
825 1
625 2
35 0
524 0
29 2
898 1
328 0
829 1
287 1
941 2
705 2
964 2
737 1
588 2
926 1
598 0
132 1
302 2
762 1
921 1
729 1
97 0
748 2
414 2
779 2
175 2
568 1
547 0
292 1
733 0
75 1
818 2
781 2
865 0
250 0
747 1
742 0
939 1
224 0
40 1
126 0
99 1
963 2
303 0
642 2
66 2
786 0
136 1
516 1
139 1
984 1
566 1
898 2
687 2
453 2
717 0
364 2
481 0
910 1
111 2
80 0
540 1
316 2
925 1
764 0
312 0
662 0
958 0
446 2
941 0
968 1
100 1
467 2
231 1
397 0
270 0
780 0
798 2
54 1
838 1
917 1
27 1
517 1
43 0
399 1
925 2
663 1
977 0
954 2
875 0
406 1
162 1
296 2
927 1
57 2
872 0
444 0
785 1
942 1
59 1
653 1
181 0
178 2
142 2
883 2
592 2
270 2
115 2
969 0
207 1
316 0
336 2
988 1
717 2
178 0
372 2
787 2
121 2
740 0
981 2
552 1
837 0
738 2
381 1
335 0
350 2
119 0
975 1
484 2
948 2
773 1
197 1
621 0
324 2
888 1
697 1
212 0
89 0
971 2
105 2
648 1
205 2
610 1
119 0
185 2
228 0
450 0
61 1
113 2
359 1
382 2
74 1
472 0
42 1
651 0
934 1
540 1
308 0
61 2
368 0
484 0
577 2
797 2
564 2
360 0
96 0
656 2
223 0
507 2
325 1
559 2
530 1
749 2
228 1
188 2
611 0
331 0
295 2
313 1
284 2
651 2
558 0
793 2
326 0
308 0
461 1
583 1
279 2
626 2
650 1
925 1
367 0
553 2
621 0
341 2
470 1
355 2
579 1
110 2
352 0
527 0
239 2
43 0
198 0
214 1
54 1
833 0
270 2
317 1
888 2
227 1
850 0
715 0
633 2
494 0
439 1
572 2
279 1
254 1
8 1
827 0
359 1
959 1
673 0
546 0
24 1
681 0
350 0
424 1
615 0
960 0
98 2
453 2
214 2
796 0
310 1
389 0
642 0
689 2
220 2
637 2
415 1
85 0
683 1
735 0
834 1
258 2
988 0
45 1
64 0
423 2
665 1
518 1
847 2
0 2
160 0
662 2
79 2
402 1
823 1
504 2
160 0
390 2
186 2
849 2
567 1
549 0
847 2
248 2
377 0
647 2
694 2
695 0
390 2
816 2
781 1
799 1
345 2
932 2
195 2
398 0
655 2
866 1
712 2
64 1
910 1
528 0
196 2
103 0
448 0
87 0
626 0
299 0
751 0
734 1
959 2
207 1
406 1
4 0
135 1
25 2
264 1
55 2
517 2
977 0
878 1
558 2
228 2
18 2
136 2
481 1
222 2
335 1
800 0
28 1
821 0
883 1
916 0
21 1
414 0
321 2
297 0
609 1
558 0
183 2
807 0
792 1
851 1
43 2
197 1
819 2
14 0
688 1
414 0
914 1
855 1
115 0
697 2
33 2
406 0
748 2
923 0
408 1
736 2
853 0
646 0
790 1
269 2
783 0
18 0
151 1
175 2
660 2
893 2
368 1
159 0
435 1
81 2
693 0
618 2
833 0
350 1
309 0
315 2
732 1
770 2
629 0
191 0
480 0
409 1
283 1
443 1
499 1
991 0
183 2
466 2
664 0
86 0
282 1
52 0
512 2
887 0
146 0
491 0
908 2
224 2
463 1
353 2
605 1
196 2
697 2
229 1
286 2
23 0
748 2
17 1
251 2
961 2
856 1
342 1
893 0
921 2
304 0
482 1
343 1
3 0
129 0
967 1
542 1
990 1
993 0
26 0
126 1
414 0
796 1
655 2
420 2
174 2
812 0
125 1
281 1
118 0
550 1
795 1
836 1
610 2
620 2
346 1
378 2
608 0
555 2
73 2
457 2
99 0
119 0
373 1
789 1
690 1
890 2
588 1
601 1
772 1
454 1
650 2
842 2
387 2
90 1
189 1
71 1
934 0
276 1
164 1
311 2
370 1
658 1
865 2
230 1
868 2
812 2
97 0
805 0
929 1
164 1
552 0
172 0
399 1
542 0
529 1
838 2
6 1
319 0
272 1
139 1
752 1
610 2
973 0
398 1
203 1
489 1
748 0
830 1
4 0
951 1
516 1
988 1
552 0
23 0
908 1
508 0
83 0
879 2
485 1
376 1
399 1
539 2
55 0
851 2
461 2
21 1
637 1
837 0
552 2
227 1
660 2
677 0
715 0
678 0
219 1
751 1
759 2
240 1
193 1
794 2
581 2
325 2
367 0
637 0
577 0
663 2
809 1
756 2
229 2
820 0
659 1
480 1
96 1
71 0
12 0
392 2
465 0
960 1
908 1
463 0
374 0
611 2
536 0
480 1
512 0
821 1
800 0
919 2
561 2
581 0
729 2
664 1
146 0
822 2
794 1
273 2
948 1
110 2
813 2
647 0
419 0
775 2
318 0
306 2
251 1
269 1
737 1
179 1
43 2
776 1
533 1
506 0
308 2
923 0
26 1
365 1
239 1
746 2
241 1
184 2
541 0
548 0
849 2
444 0
317 2
677 2
596 2
25 2
650 1
901 2
281 1
563 0
540 1
386 2
269 1
543 1
790 1
16 0
908 2
924 2
245 0
945 2
659 0
767 0
880 1
895 2
486 2
759 2
75 1
88 1
293 0
763 0
903 0
113 1
457 0
654 1
684 0
382 1
598 0
805 2
172 1
870 0
179 1
436 2
635 2
154 0
511 2
314 0
90 0
368 0
679 2
800 2
421 1
277 2
448 0
393 0
637 1
530 2
37 2
732 0
818 2
600 2
50 0
664 2
638 1
167 1
334 2
767 2
300 0
744 0
595 1
91 0
50 1
164 2
321 1
29 0
257 1
200 1
542 2
948 1
308 0
781 0
507 1
190 0
309 0
141 0
6 1
203 2
235 2
510 2
189 1
631 1
97 1
759 0
6 2
373 0
705 0
469 0
56 2
862 2
530 1
653 1
347 0
26 1
353 2
687 2
918 2
627 0
681 1
582 2
680 0
560 0
481 2
679 2
641 2
397 0
672 0
489 1
606 2
171 2
13 1
42 2
247 2
738 0
165 0
422 1
450 0
93 1
647 0
370 2
472 1
19 0
783 2
743 0
433 2
905 0
469 2
277 0
881 2
367 0
244 2
977 2
520 2
340 2
995 2
808 0
803 2
480 0
501 1
310 2
464 1
46 2
123 1
990 1
888 0
536 2
886 1
248 2
466 2
536 1
393 2
616 2
353 1
803 0
465 2
694 0
242 1
913 1
368 1
659 1
357 0
470 0
428 0
157 0
84 2
2 0
65 0
204 0
0 1
357 2
606 1
94 1
911 2
208 0
416 0
622 1
203 2
476 0
501 2
673 1
563 1
478 0
681 0
339 2
469 0
684 1
941 1
131 1
604 0
263 1
400 1
797 0
405 1
85 1
886 1
169 0
930 1
359 2
551 2
935 2
75 2
766 1
477 0
211 1
509 1
537 1
284 2
219 0
23 0
155 1
634 0
225 1
140 1
683 0
901 0
531 0
687 0
95 1
227 0
198 2
782 1
944 0
867 2
185 2
316 1
599 2
480 1
204 0
432 0
989 1
899 2
681 1
522 1
205 1
760 0
874 1
650 1
196 1
772 1
687 1
913 0
10 0
151 0
779 1
197 0
438 2
271 2
876 1
866 0
674 0
740 1
194 1
209 0
4 0
260 1
156 1
926 0
123 2
953 1
337 1
176 0
541 1
394 2
219 1
39 1
797 0
714 1
441 0
352 0
375 1
728 0
289 2
150 2
213 2
577 0
20 0
878 2
15 0
825 1
710 0
265 2
169 2
103 0
947 0
14 0
288 1
778 2
125 2
956 0
444 1
401 1
243 1
476 1
918 2
359 2
182 0
259 1
839 1
451 1
728 0
659 2
733 1
512 0
415 2
606 2
679 1
753 1
993 2
538 1
332 0
784 0
956 2
388 0
148 1
311 1
77 1
733 2
473 2
553 2
155 2
288 2
306 1
205 2
565 0
433 2
301 0
531 0
301 1
347 1
204 0
254 2
994 2
327 2
369 0
304 0
230 1
722 0
287 0
469 1
198 2
558 0
553 1
884 1
588 2
656 0
173 0
891 1
399 0
435 0
105 2
711 2
978 2
958 0
987 0
684 1
444 1
951 2
890 0
133 0
805 1
184 0
99 2
878 1
466 1
384 1
801 2
347 2
87 2
60 0
815 2
514 0
155 2
329 2
249 2
349 2
889 2
498 1
45 1
543 0
891 0
103 2
887 0
55 0
920 2
856 2
558 1
647 1
937 0
896 1
470 0
935 0
412 0
3 2
596 0
478 1
214 2
818 1
85 0
895 0
160 0
89 2
128 2
500 0
167 0
772 1
324 0
102 1
81 1
68 1
532 2
859 2
729 0
302 0
953 1
81 0
828 1
968 2
183 0
167 2
333 1
255 1
596 2
124 0
418 1
604 2
517 0
872 2
100 2
598 0
543 1
269 1
271 1
850 1
580 1
425 0
961 0
408 1
419 2
655 2
620 2
310 2
342 0
830 0
340 1
138 2
895 2
850 1
66 0
432 0
805 2
601 0
941 1
233 0
487 0
375 0
921 2
519 1
543 1
355 0
862 0
197 1
161 0
243 2
754 2
270 0
522 2
655 0
547 1
923 0
774 2
562 1
189 2
338 1
849 2
764 0
493 1
310 2
111 1
490 2
622 0
344 1
49 1
49 0
281 2
189 0
36 2
694 0
145 0
461 0
40 2
545 2
56 1
901 0
894 1
963 0
375 1
439 2
536 0
758 0
637 2
820 1
511 2
955 2
290 0
396 2
765 2
645 1
125 0
380 0
527 0
539 1
815 2
930 0
263 0
106 1
414 0
867 0
984 1
994 1
884 0
378 1
421 0
208 2
550 0
44 0
474 2
207 1
900 1
75 2
607 0
952 2
254 1
9 2
620 2
671 0
669 2
698 2
270 2
685 1
307 1
247 0
279 2
223 2
428 2
986 2
862 0
348 0
559 2
116 1
876 2
1 1
522 1
621 2
166 0
988 2
941 2
94 0
370 1
41 1
30 2
181 1
506 1
73 2
706 1
922 1
289 1
764 0
59 0
623 0
763 0
552 1
509 0
391 0
400 2
230 2
200 1
569 1
410 2
125 0
350 2
703 1
427 1
498 1
34 0
944 0
619 0
616 0
391 2
517 1
288 0
798 2
818 1
750 2
98 1
390 0
409 0
602 0
764 0
658 0
779 0
11 1
617 2
518 1
130 0
539 2
868 0
632 2
538 1
777 2
628 1
213 0
694 0
857 1
578 0
364 0
694 1
819 1
688 0
389 0
891 2
232 2
246 2
498 1
58 2
623 2
615 1
126 1
466 1
661 2
414 0
781 2
212 2
549 2
914 1
36 2
308 2
35 1
83 2
40 2
410 0
434 0
711 2
302 0
80 0
577 1
358 1
962 2
128 0
975 0
275 2
408 0
258 1
25 2
821 1
177 1
952 1
903 2
771 0
376 2
899 0
61 2
949 0
864 1
112 1
462 2
389 1
163 1
56 0
98 2
371 2
447 2
840 2
276 2
80 1
489 1
573 0
329 2
413 2
797 1
291 0
850 1
571 2
457 2
403 2
582 2
181 2
99 0
897 0
194 0
105 0
924 2
747 2
762 0
469 1
644 1
571 1
660 2
153 2
797 2
236 2
118 1
522 2
555 2
391 0
586 2
822 2
615 2
735 0
863 2
213 1
660 0
70 1
512 1
487 0
776 0
551 2
822 1
249 1
708 2
880 2
795 2
163 1
815 2
519 0
203 0
39 0
115 2
288 0
171 1
89 0
727 2
598 1
93 1
784 2
242 2
974 2
759 1
940 0
174 0
919 1
861 0
707 2
321 2
515 0
681 2
710 0
750 0
77 2
717 0
656 2
791 2
250 0
180 0
865 0
567 0
515 2
393 2
321 1
118 2
417 0
67 2
857 1
436 1
353 1
468 1
5 2
527 0
324 1
675 2
874 2
82 1
159 0
770 0
494 0
717 1
23 0
543 1
352 1
812 0
297 0
380 2
868 1
18 2
753 0
776 1
598 1
36 0
441 0
516 2
176 2
104 1
96 2
455 0
491 2
827 1
428 2
27 1
666 1
952 2
690 2
942 2
940 1
590 0
705 1
95 1
275 1
237 0
54 2
40 0
97 1
745 1
725 0
792 1
272 2
247 2
274 0
610 0
874 0
456 1
583 0
659 0
298 0
706 0
152 0
981 0
507 2
427 1
803 2
963 0
338 1
417 1
100 2
490 1
707 1
304 1
343 1
936 2
379 1
659 2
32 0
637 0
289 2
239 0
886 1
295 2
235 1
680 1
5 2
967 0
138 0
455 2
780 1
273 1
4 0
503 2
506 2
894 0
855 2
365 1
285 1
839 2
326 1
705 0
181 1
375 0
514 2
746 1
87 0
419 1
534 1
878 1
137 2
968 1
634 1
922 2
842 2
824 1
303 0
702 0
435 2
538 1
621 2
15 2
182 2
231 0
559 0
975 2
620 1
845 1
372 0
271 2
851 2
340 1
817 0
931 2
995 1
46 2
667 2
391 0
391 1
49 2
91 2
193 2
731 2
1 0
259 1
830 2
560 0
906 1
784 2
704 0
249 2
985 1
983 2
534 0
729 1
320 1
551 0
274 0
546 1
182 0
277 1
940 2
14 0
695 2
909 2
865 1
321 0
187 0
523 0
116 1
175 0
768 1
112 2
178 0
958 0
727 1
981 1
812 2
960 2
819 2
543 0
380 0
847 2
726 1
535 0
62 1
157 1
44 0
108 0
639 0
982 0
739 1
692 1
689 1
171 0
823 1
928 1
83 0
813 2
167 0
319 2
464 0
323 2
210 1
159 0
115 0
925 2
918 1
407 2
733 2
377 0
786 2
660 1
383 1
246 2
693 1
739 0
709 2
169 2
945 0
56 0
772 1
2 0
10 0
326 1
265 1
766 2
10 1
171 1
49 2
941 2
304 2
822 2
495 2
964 1
820 2
394 2
399 0
554 0
509 0
338 0
427 0
235 1
842 0
205 0
422 2
600 2
425 1
938 2
573 2
813 1
333 0
347 1
381 0
959 0
268 0
806 0
4 0
233 2
591 1
73 2
611 2
698 2
362 0
928 1
994 0
730 1
227 0
101 2
634 1
85 2
719 2
22 0
922 1
857 1
436 1
313 2
749 2
319 0
556 1
966 0
430 0
594 2
18 0
334 0
913 1
49 2
325 2
139 1
971 2
121 2
915 0
906 0
270 1
272 0
201 0
523 1
574 1
45 2
423 1
993 0
225 2
347 2
933 0
948 0
409 1
14 2
591 2
425 1
398 0
73 1
143 1
965 0
213 1
369 1
86 2
508 1
102 0
334 1
471 2
123 1
337 2
688 2
404 2
205 0
160 1
88 1
680 2
150 2
517 1
510 2
396 1
871 0
822 0
468 1
12 1
441 0
823 0
555 2
776 2
133 2
124 2
811 1
916 2
507 1
788 1
165 1
769 1
69 2
661 0
500 1
539 1
183 0
988 2
722 2
866 2
228 2
870 1
114 1
97 2
555 2
590 0
748 1
740 0
497 1
732 0
248 1
722 2
271 2
625 1
764 2
730 1
802 0
918 2
486 1
877 1
325 0
784 1
154 2
314 0
218 1
138 0
922 2
321 2
735 0
866 1
207 2
57 0
860 2
77 1
16 1
376 2
186 1
888 0
272 0
808 0
517 2
499 1
531 0
131 1
354 1
98 1
306 0
985 1
984 1
286 0
248 2
576 0
399 2
190 0
137 2
94 2
393 2
661 1
162 0
246 1
807 0
959 2
259 0
507 1
779 2
770 0
168 2
575 0
82 2
21 1
660 1
574 1
862 1
536 2
840 0
157 0
691 2
789 0
705 2
2 2
107 1
994 0
2 2
608 1
848 2
203 0
729 1
689 2
753 0
992 1
97 2
995 2
46 2
597 0
217 0
273 2
421 1
779 2
310 0
365 1
405 1
270 0
442 1
185 1
991 0
713 2
560 1
517 0
837 2
826 2
742 0
841 0
784 1
59 1
955 0
490 0
153 2
189 0
876 0
730 2
829 0
767 2
355 1
900 2
514 2
66 2
21 2
262 0
947 0
322 2
901 1
522 2
397 1
699 2
366 0
718 0
694 1
910 1
866 2
441 1
736 1
154 1
59 1
507 1
5 1
519 1
425 2
895 2
531 2
879 1
272 0
279 0
318 2
59 0
962 2
106 2
353 2
526 2
406 2
352 2
472 0
996 2
791 0
850 2
389 1
61 0
490 0
864 0
186 1
737 0
788 2
95 0
499 1
656 1
474 1
655 2
508 2
881 0
302 0
922 0
371 1
334 1
442 0
930 1
807 0
801 2
590 1
925 0
410 2
281 0
764 1
914 0
432 0
168 2
607 2
858 2
16 1
723 2
230 2
902 0
140 2
549 2
32 0
587 1
216 1
807 0
809 2
696 0
250 2
727 2
664 2
990 2
925 1
74 2
401 1
848 0
858 0
835 1
326 1
115 2
420 0
242 2
712 0
227 1
337 2
82 1
851 2
206 2
850 2
379 0
466 2
973 0
234 2
423 0
869 1
924 1
734 2
106 2
222 1
824 2
636 0
698 1
159 1
653 1
591 2
917 0
908 0
219 0
787 1
401 0
346 2
206 2
148 1
93 0
660 1
671 0
958 0
986 2
444 1
716 0
62 1
608 2
648 0
971 2
820 1
875 1
591 0
984 0
644 1
307 1
602 0
905 2
15 2
973 2
728 0
766 0
277 0
418 2
304 0
663 2
551 1
771 0
598 0
339 0
186 0
828 1
98 2
911 0
501 0
900 1
162 0
726 0
359 2
738 0
761 1
224 2
840 0
102 0
460 0
701 0
114 2
406 0
184 1
132 0
735 1
143 0
48 2
495 0
864 2
8 1
121 1
828 1
173 2
823 2
45 0
202 2
768 0
174 2
495 0
597 0
0 1
743 1
546 1
85 1
523 1
632 0
169 1
164 1
160 2
587 1
708 0
755 2
209 1
955 0
646 0
808 0
469 2
568 2
862 2
513 0
451 2
323 0
352 1
261 2
110 0
71 1
5 2
301 1
783 2
471 1
62 0
289 0
923 1
211 1
178 2
813 1
361 1
256 2
471 1
38 2
926 0
867 2
194 1
603 0
975 2
309 0
37 0
139 1
501 1
324 1
720 1
187 2
307 1
198 1
179 1
87 2
518 2
768 0
425 1
69 1
746 2
850 1
703 1
185 2
860 2
733 0
551 0
348 1
736 1
997 0
710 1
663 0
581 1
172 1
403 1
307 2
12 0
345 1
272 2
689 1
15 0
874 2
232 1
701 0
739 0
749 2
11 0
745 2
43 2
465 0
141 2
839 1
503 0
587 2
618 2
278 0
777 2
996 2
398 1
555 0
951 2
270 2
966 0
381 1
614 2
120 0
570 1
889 1
692 0
111 1
103 1
938 1
398 2
575 1
418 2
58 2
470 1
835 2
362 2
29 0
242 2
700 1
735 0
479 2
328 2
646 1
62 1
267 1
864 2
530 1
20 0
875 2
314 0
82 1
887 0
128 1
843 0
714 0
815 1
272 2
225 2
627 0
502 2
448 0
806 0
725 0
547 2
83 0
893 1
205 2
106 1
342 1
324 1
806 1
914 0
535 1
440 1
765 0
543 1
837 2
587 1
934 0
483 1
840 1
151 0
381 0
122 1
585 0
863 0
97 1
646 0
82 2
762 1
534 0
328 0
359 1
95 1
994 1
919 2
379 0
796 2
370 0
258 1
978 1
189 2
147 1
635 0
119 0
758 0
370 2
717 1
438 2
630 0
279 1
640 2
85 1
932 1
266 2
656 0
845 0
87 2
114 1
748 1
0 0
805 1
927 2
942 0
457 1
273 2
965 1
109 1
189 0
788 0
513 2
644 2
764 1
281 1
617 2
171 1
932 2
58 1
226 0
55 2
147 2
901 0
494 1
201 2
206 1
509 1
727 1
656 0
99 2
114 1
884 0
952 2
417 1
797 2
198 1
963 0
292 0
220 2
766 1
577 0
172 0
138 0
907 2
490 1
573 1
452 2
87 1
899 0
315 0
426 1
613 1
235 1
239 2
708 2
211 2
826 2
350 0
938 1
716 2
303 1
693 1
316 0
334 2
407 2
963 2
900 2
783 1
464 1
123 0
350 2
147 0
295 0
989 0
500 1
296 2
510 1
582 1
439 2
955 0
703 2
